============ linear kernel ============
best:       96.89999999999999
best_log2c: -6
p_acc:      95.92%
acc:
[[95.14 96.34 96.9  96.86 96.44 96.38 96.06 95.94 96.24 96.3  96.48]]
=======================================

========== polynomial kernel ==========
best:       97.8
best_log2c: -6
best_log2g: 8
p_acc:      97.48%
acc:
[[28.7  28.38 28.56 28.36 28.68 28.38 35.66 67.26 85.16 92.66 96.14]
 [28.64 28.6  28.48 35.74 67.42 85.18 92.68 96.14 97.52 97.54 97.66]
 [35.78 67.4  85.02 92.7  95.88 97.24 97.46 97.46 97.44 97.4  97.34]
 [92.88 96.16 97.14 97.72 97.32 97.3  97.44 97.68 97.36 97.38 97.56]
 [97.5  97.34 97.42 97.44 97.3  97.54 97.4  97.4  97.4  97.68 97.36]
 [97.28 97.3  97.52 97.34 97.46 97.42 97.46 97.52 97.42 97.18 97.34]
 [97.38 97.4  97.42 97.4  97.6  97.28 97.32 97.46 97.7  97.32 97.44]
 [97.28 97.5  97.44 97.52 97.36 97.4  97.64 97.3  97.36 97.32 97.36]
 [97.42 97.34 97.4  97.28 97.48 97.3  97.7  97.3  97.6  97.28 97.56]
 [97.52 97.4  97.8  97.7  97.34 97.34 97.48 97.52 97.4  97.38 97.6 ]
 [97.34 97.34 97.44 97.44 97.64 97.34 97.46 97.58 97.34 97.6  97.6 ]]
=======================================

============= RBF  kernel =============
best:       98.48
best_log2c: 8
best_log2g: -6
p_acc:      98.44000000000001%
acc:
[[81.06 81.1  80.82 89.46 94.2  95.86 97.02 97.18 97.08 96.86 97.  ]
 [84.92 84.7  89.26 94.08 96.04 97.08 97.6  97.78 97.74 97.82 97.42]
 [92.36 92.36 94.08 95.98 97.42 98.08 98.4  98.38 98.22 98.48 98.34]
 [70.8  71.   70.86 74.78 92.86 97.66 97.86 97.88 97.66 97.8  97.9 ]
 [28.02 26.92 28.02 27.02 33.74 62.32 65.16 65.14 64.82 64.92 64.5 ]
 [20.72 20.9  20.62 20.88 20.56 29.76 30.96 32.5  30.92 33.84 30.58]
 [39.84 39.66 45.96 39.62 39.58 21.84 22.16 22.06 21.8  22.54 21.62]
 [75.04 75.26 75.44 75.64 75.36 68.94 62.7  62.92 68.92 62.64 62.64]
 [38.8  39.   38.82 38.66 38.84 20.32 20.28 20.42 20.28 20.54 20.5 ]
 [22.78 23.   22.72 22.94 22.98 23.06 22.98 22.98 23.1  22.84 22.62]
 [20.   20.   20.   20.   20.   20.   20.   20.   20.   20.   20.  ]]
=======================================